     0/499     2.46G   0.09094   0.01712   0.03016    0.1382         7       640     0.049    0.2094   0.08971   0.02701   0.08289   0.02382   0.02948
     1/499     2.46G   0.07795   0.01612   0.02704    0.1211         5       640    0.1354    0.2675    0.1565   0.04402   0.08433   0.02599    0.0344
     2/499     2.46G   0.07164   0.01566   0.02451    0.1118         8       640    0.4546    0.1725    0.1543   0.06129   0.06962   0.01672   0.02756
     3/499     2.46G   0.06692   0.01502   0.02354    0.1055         8       640    0.2407    0.3899    0.3258    0.1763   0.06153   0.01606   0.02206
     4/499     2.46G   0.06337   0.01466   0.02216    0.1002         9       640    0.4281    0.3847    0.3209     0.108   0.06224   0.01552   0.02445
     5/499     2.46G   0.06134   0.01433   0.02137   0.09704        10       640    0.1706    0.4392    0.3235    0.1586   0.06228   0.03282   0.02562
     6/499     2.46G   0.05938   0.01416      0.02   0.09354         6       640    0.3035    0.4608    0.4046    0.2407   0.05665   0.01389    0.0215
     7/499     2.46G   0.05874   0.01368   0.01968    0.0921         4       640    0.3737    0.5119    0.4442    0.2283   0.05592   0.01369   0.01798
     8/499     2.46G   0.05788   0.01365   0.01893   0.09045         6       640    0.2603    0.5271     0.439     0.253   0.05386   0.01337   0.01957
     9/499     2.46G   0.05702   0.01348   0.01945   0.08994        10       640    0.2974    0.5301    0.4534      0.27   0.05602   0.01424   0.02488
    10/499     2.46G   0.05713   0.01355   0.01833     0.089         9       640    0.2933    0.5597     0.481    0.2819   0.05125   0.01383   0.01755
    11/499     2.46G   0.05596   0.01307   0.01768   0.08672         7       640    0.4148    0.5287    0.4819     0.246    0.0532    0.0131   0.01876
    12/499     2.46G   0.05597   0.01339   0.01791   0.08727         9       640    0.3428    0.5828    0.5338    0.2516    0.0511   0.01285   0.01865
    13/499     2.46G   0.05559   0.01332   0.01748   0.08639        10       640    0.2366     0.574    0.4656    0.2174   0.05223    0.0142   0.01698
    14/499     2.46G   0.05482   0.01321   0.01723   0.08526         8       640    0.3233     0.556    0.4833     0.246   0.05314   0.01325   0.01749
    15/499     2.46G   0.05479   0.01337   0.01683     0.085         8       640    0.4919    0.5772    0.5301    0.3149   0.05068    0.0124   0.01598
    16/499     2.46G   0.05362   0.01321   0.01694   0.08377        11       640    0.3574     0.591     0.528    0.3218   0.04979    0.0129   0.01714
    17/499     2.46G    0.0538   0.01325   0.01743   0.08447         8       640    0.2636    0.5958    0.5185    0.2581    0.0476   0.01258   0.01593
    18/499     2.46G   0.05388   0.01292   0.01706   0.08386         6       640    0.3237    0.5573    0.5034    0.2483   0.04909   0.01237   0.01658
    19/499     2.46G   0.05333   0.01302   0.01689   0.08323         7       640     0.547    0.6004     0.565    0.3328   0.04856   0.01284   0.01698
    20/499     2.46G   0.05261   0.01274   0.01632   0.08167        10       640     0.319    0.6173    0.5488    0.3469   0.04825   0.01249   0.01493
    21/499     2.46G   0.05281   0.01307   0.01671   0.08259         7       640    0.3283    0.6253    0.5579    0.3148   0.04701   0.01281    0.0162
    22/499     2.46G   0.05177   0.01277   0.01584   0.08038         7       640    0.3912    0.5969    0.5574    0.3162   0.04746   0.01302    0.0157
    23/499     2.46G   0.05175   0.01281   0.01631   0.08086         5       640     0.548    0.6054    0.5795    0.3478   0.04643   0.01201   0.01572
    24/499     2.46G   0.05253   0.01259   0.01627   0.08139         8       640    0.3925    0.6319    0.5661    0.3422   0.04652   0.01199     0.015
    25/499     2.46G   0.05166   0.01276   0.01699   0.08141         9       640    0.2739    0.6532    0.5747    0.3288   0.04663   0.01383   0.01576
    26/499     2.46G   0.05179   0.01254    0.0161   0.08043         8       640    0.3836    0.5786    0.5325    0.3014   0.04673   0.01234   0.02297
    27/499     2.46G   0.05182    0.0128   0.01651   0.08113        13       640    0.4058    0.6348    0.5735    0.3689   0.04599    0.0118   0.01528
    28/499     2.46G   0.05133    0.0126   0.01626    0.0802         7       640    0.3827    0.6342    0.5843    0.3372   0.04647   0.01171   0.01522
    29/499     2.46G   0.05113   0.01236   0.01686   0.08035        11       640     0.412    0.6069    0.5594      0.34   0.04672     0.012   0.01584
    30/499     2.46G   0.05004   0.01264   0.01534   0.07802        11       640    0.4795    0.6176    0.5927    0.3716   0.04471   0.01156   0.01513
    31/499     2.46G   0.05052   0.01233   0.01643   0.07929         8       640     0.548    0.6236    0.5889    0.3772   0.04496   0.01174   0.01536
    32/499     2.46G   0.05092   0.01243   0.01615    0.0795         7       640     0.377    0.6378    0.5936    0.3539   0.04565   0.01152   0.01554
    33/499     2.46G   0.04933   0.01213   0.01533   0.07679         4       640    0.3862    0.6182    0.6024    0.3688   0.04321   0.01119   0.01379
    34/499     2.46G   0.05046   0.01241   0.01637   0.07924         8       640    0.5411    0.6453    0.6088    0.3851   0.04252   0.01094   0.01475
    35/499     2.46G   0.04907   0.01231   0.01584   0.07722         6       640     0.555     0.636    0.5885    0.3839   0.04343   0.01117   0.01466
    36/499     2.46G   0.05066   0.01231   0.01631   0.07928         5       640    0.4939    0.6185     0.586     0.361   0.04369   0.01118    0.0151
    37/499     2.46G   0.04989   0.01207   0.01583   0.07779        10       640    0.4722    0.6324    0.5966    0.3784   0.04251   0.01152   0.01527
    38/499     2.46G   0.04931   0.01204   0.01566   0.07701         3       640    0.4631    0.6521    0.6166    0.3962   0.04199   0.01104   0.01417
    39/499     2.46G   0.04944   0.01237   0.01543   0.07724         6       640    0.4428     0.617    0.5893    0.3855   0.04276   0.01103   0.01494
    40/499     2.46G    0.0489   0.01228   0.01579   0.07697        13       640    0.5104    0.6161    0.5951    0.3834    0.0427   0.01111   0.01435
    41/499     2.46G   0.04917   0.01218   0.01637   0.07773         4       640    0.4222    0.6455    0.6051    0.3777   0.04239   0.01086   0.01417
    42/499     2.46G   0.04907   0.01204   0.01545   0.07656        12       640    0.3462    0.6326    0.6005    0.3931   0.04185   0.01152   0.01565
    43/499     2.46G   0.04857   0.01185   0.01547   0.07589         6       640    0.4318    0.6411    0.6172    0.4112   0.04107   0.01092   0.01418
    44/499     2.46G   0.04851   0.01188   0.01555   0.07593         8       640    0.5128    0.6523     0.628    0.4015   0.04095   0.01094   0.01355
    45/499     2.46G   0.04863   0.01179   0.01529   0.07571         7       640    0.3864    0.6669    0.6179    0.3991   0.04111   0.01136   0.01459
    46/499     2.46G   0.04879   0.01195   0.01514   0.07588         8       640    0.5439    0.6477     0.619    0.3958   0.04138   0.01083   0.01509
    47/499     2.46G   0.04794   0.01212   0.01526   0.07532        10       640    0.4482    0.6486     0.634    0.4169     0.041   0.01079   0.01363
    48/499     2.46G   0.04812   0.01173   0.01507   0.07492         8       640    0.5519    0.6532     0.627    0.4138   0.04061   0.01052   0.01423
    49/499     2.46G   0.04745   0.01176   0.01533   0.07454         7       640    0.5325    0.6705     0.645    0.4322   0.04031   0.01067   0.01308
    50/499     2.46G   0.04778   0.01153   0.01459    0.0739         9       640    0.4842    0.6739    0.6472    0.4205   0.03974   0.01045   0.01334
    51/499     2.46G   0.04673    0.0116   0.01452   0.07285         8       640    0.5523    0.6578    0.6382    0.4258      0.04   0.01038    0.0126
    52/499     2.46G   0.04705   0.01154   0.01473   0.07332         8       640    0.5588    0.6584    0.6321    0.4144   0.04022   0.01025   0.01357
    53/499     2.46G   0.04745   0.01166   0.01509   0.07419        10       640    0.4879    0.6745     0.646    0.4098   0.03945   0.01037   0.01305
    54/499     2.46G    0.0473   0.01145   0.01486   0.07362         8       640    0.5551    0.6726    0.6491    0.4293   0.03939   0.01021   0.01372
    55/499     2.46G   0.04658   0.01153   0.01549   0.07359         8       640    0.5472    0.6718      0.65    0.4334   0.03954   0.01046   0.01328
    56/499     2.46G   0.04726   0.01169   0.01515    0.0741         7       640    0.5755    0.6459    0.6291    0.4322   0.04003   0.01044   0.01367
    57/499     2.46G   0.04694   0.01174   0.01496   0.07364         8       640    0.5078    0.6734    0.6493    0.4321   0.03867   0.01048    0.0129
    58/499     2.46G   0.04669   0.01139   0.01519   0.07327         6       640    0.5505    0.6654    0.6437     0.425   0.03909   0.01033   0.01304
    59/499     2.46G   0.04668   0.01168   0.01483   0.07319         9       640    0.5982    0.6538    0.6431    0.4337   0.03884   0.01033   0.01353
    60/499     2.46G   0.04698   0.01148   0.01475   0.07322         9       640    0.5707    0.6661    0.6501    0.4363   0.03846   0.01023   0.01246
    61/499     2.46G   0.04669    0.0113   0.01449   0.07249        10       640    0.5127    0.6676    0.6497    0.4319    0.0388    0.0103   0.01283
    62/499     2.46G   0.04622   0.01127   0.01416   0.07165         8       640    0.5795    0.6711    0.6548    0.4432   0.03847   0.01017   0.01313
    63/499     2.46G   0.04743   0.01147   0.01423   0.07312         5       640    0.5118    0.6704    0.6519    0.4436   0.03895   0.01016   0.01273
    64/499     2.46G   0.04673   0.01143   0.01421   0.07237         6       640    0.5669    0.6661    0.6536    0.4477   0.03841  0.009912   0.01246
    65/499     2.46G   0.04612   0.01139   0.01419    0.0717         7       640    0.5947    0.6744    0.6683    0.4384   0.03803  0.009783   0.01307
    66/499     2.46G   0.04613   0.01106   0.01394   0.07113         8       640    0.5648    0.6605     0.665    0.4366   0.03822   0.01007   0.01285
    67/499     2.46G   0.04654   0.01119   0.01536   0.07309         7       640    0.5415    0.6777    0.6667    0.4495   0.03798  0.009948   0.01292
    68/499     2.46G   0.04604   0.01128   0.01435   0.07167         8       640    0.5488    0.6701    0.6559    0.4198   0.03852   0.01041   0.01263
    69/499     2.46G   0.04644   0.01144   0.01468   0.07255         6       640    0.5783     0.661    0.6608    0.4384    0.0385  0.009929   0.01237
    70/499     2.46G   0.04584   0.01132   0.01471   0.07186        12       640    0.5394    0.6871    0.6742    0.4515   0.03744  0.009882   0.01215
    71/499     2.46G   0.04536   0.01118   0.01505   0.07159         5       640    0.5172    0.6838    0.6626    0.4502   0.03759   0.00995   0.01294
    72/499     2.46G   0.04541   0.01116   0.01398   0.07054        12       640    0.5356     0.666    0.6568    0.4464   0.03742      0.01   0.01296
    73/499     2.46G   0.04569   0.01133   0.01394   0.07096        12       640    0.5348    0.6768    0.6629    0.4485   0.03738  0.009964   0.01248
    74/499     2.46G   0.04645   0.01128   0.01437   0.07209         7       640    0.5681    0.6727     0.658    0.4539   0.03789   0.01021   0.01267
    75/499     2.46G   0.04542   0.01132     0.014   0.07074         9       640    0.5688    0.6735    0.6637    0.4544   0.03689   0.01004   0.01243
    76/499     2.46G     0.045   0.01114   0.01383   0.06997         9       640    0.5487    0.6849    0.6721    0.4571   0.03708  0.009765   0.01247
    77/499     2.46G   0.04614   0.01142   0.01533   0.07289         4       640    0.5678    0.6715     0.672    0.4528   0.03725  0.009772   0.01318
    78/499     2.46G   0.04579   0.01116   0.01455    0.0715         9       640    0.5652    0.6838    0.6659    0.4579   0.03736  0.009591   0.01273
    79/499     2.46G   0.04521   0.01115    0.0138   0.07016         9       640    0.5626    0.6678    0.6745    0.4577   0.03718  0.009564   0.01268
    80/499     2.46G   0.04515   0.01131   0.01352   0.06998         7       640    0.5277    0.6773    0.6745    0.4562    0.0369  0.009774   0.01198
    81/499     2.46G   0.04568   0.01126   0.01437   0.07131         8       640    0.5071    0.6835    0.6704    0.4481   0.03706  0.009895   0.01188
    82/499     2.46G   0.04553   0.01136   0.01417   0.07107         7       640    0.5513    0.6795    0.6687    0.4546   0.03734  0.009872   0.01198
    83/499     2.46G   0.04492   0.01111   0.01369   0.06971        11       640    0.5459    0.6747    0.6756    0.4516   0.03685  0.009637   0.01194
    84/499     2.46G   0.04538   0.01135   0.01355   0.07027         7       640    0.5864    0.6897    0.6803    0.4545   0.03706  0.009629   0.01223
    85/499     2.46G   0.04498   0.01113   0.01333   0.06943         7       640    0.5426    0.6808    0.6743    0.4535    0.0373   0.00974   0.01228
    86/499     2.46G   0.04496   0.01082   0.01381   0.06959         8       640    0.5529    0.6781    0.6736    0.4507   0.03722   0.00976   0.01245
    87/499     2.46G   0.04541   0.01113   0.01433   0.07086        10       640    0.5773    0.6707    0.6728    0.4463    0.0372  0.009877   0.01258
    88/499     2.46G   0.04476   0.01101   0.01355   0.06932         5       640    0.5452    0.6761    0.6721    0.4533   0.03669  0.009814   0.01222
    89/499     2.46G   0.04477   0.01106     0.014   0.06983         3       640    0.5695    0.6894      0.68    0.4601   0.03647  0.009639   0.01232
    90/499     2.46G   0.04438   0.01112   0.01315   0.06865         3       640    0.5623    0.6884    0.6769    0.4534    0.0365  0.009515   0.01218
    91/499     2.46G   0.04505     0.011   0.01363   0.06968         9       640     0.563    0.6849    0.6721    0.4461   0.03697  0.009685   0.01234
    92/499     2.46G   0.04464    0.0112   0.01351   0.06935         8       640    0.5739    0.6832    0.6716    0.4564   0.03678  0.009593   0.01223
    93/499     2.46G   0.04411   0.01094   0.01295     0.068         6       640    0.5712    0.6779    0.6731    0.4582   0.03669  0.009607   0.01182
    94/499     2.46G   0.04424   0.01088   0.01344   0.06856         7       640    0.5849    0.6877    0.6781    0.4547   0.03688  0.009456   0.01164
    95/499     2.46G   0.04442   0.01085   0.01302    0.0683         6       640    0.5892    0.6892    0.6769    0.4542   0.03679   0.00954   0.01183
    96/499     2.46G   0.04463   0.01089   0.01353   0.06906         9       640    0.5835    0.6965     0.685     0.458   0.03625  0.009439    0.0116
    97/499     2.46G   0.04525   0.01107   0.01374   0.07007         2       640    0.5674    0.6881    0.6797    0.4553   0.03644  0.009497   0.01183
    98/499     2.46G     0.045   0.01101   0.01363   0.06964         8       640    0.5264    0.6947    0.6813    0.4522   0.03669  0.009622   0.01184
    99/499     2.46G   0.04456   0.01091   0.01358   0.06905        11       640    0.5623      0.69    0.6827    0.4591   0.03645   0.00964   0.01159
   100/499     2.46G    0.0448   0.01111    0.0144   0.07032         5       640     0.569    0.6885    0.6849    0.4558   0.03647  0.009613    0.0117
   101/499     2.46G   0.04456   0.01074     0.013   0.06829         7       640    0.5787    0.6936    0.6864    0.4593   0.03617  0.009638   0.01138
   102/499     2.46G   0.04399   0.01083   0.01352   0.06834         9       640    0.5808    0.6983    0.6913    0.4575   0.03613   0.00945    0.0113
   103/499     2.46G   0.04436   0.01096    0.0131   0.06842         2       640    0.5502    0.7041    0.6891    0.4554   0.03598  0.009523   0.01124
   104/499     2.46G   0.04395   0.01094   0.01333   0.06823         8       640    0.5464    0.7022    0.6883    0.4562   0.03605  0.009591   0.01131
   105/499     2.46G   0.04358   0.01071   0.01332   0.06761         8       640    0.5684    0.7008     0.687    0.4549   0.03599  0.009691   0.01149
   106/499     2.46G   0.04437   0.01085   0.01353   0.06874         7       640    0.5526    0.6914    0.6841    0.4574   0.03596  0.009664    0.0115
   107/499     2.46G   0.04415   0.01056   0.01341   0.06813        11       640    0.5782    0.6983    0.6891    0.4581    0.0359  0.009587   0.01142
   108/499     2.46G    0.0441   0.01073   0.01295   0.06778        10       640    0.5917    0.7044    0.6904    0.4567   0.03594  0.009594   0.01131
   109/499     2.46G    0.0437    0.0109   0.01333   0.06792         6       640    0.5768    0.7008    0.6854    0.4562   0.03597  0.009608   0.01135
   110/499     2.46G   0.04433   0.01081   0.01371   0.06885        10       640    0.5895    0.6925    0.6872    0.4602   0.03598  0.009482   0.01147
   111/499     2.46G   0.04379   0.01076    0.0132   0.06775         6       640    0.5708    0.6919    0.6843    0.4574   0.03601  0.009457   0.01153
   112/499     2.46G   0.04356   0.01064   0.01245   0.06665         8       640    0.5754    0.6891    0.6844    0.4606   0.03592  0.009446   0.01154
   113/499     2.46G   0.04395   0.01092   0.01306   0.06793        10       640    0.5772    0.6982    0.6884    0.4645   0.03583  0.009397   0.01131
   114/499     2.46G   0.04372   0.01069   0.01308    0.0675         8       640    0.5699    0.7026    0.6879    0.4669    0.0356  0.009381    0.0113
   115/499     2.46G   0.04478   0.01092   0.01341   0.06911        10       640    0.5758    0.6961    0.6844    0.4656   0.03565  0.009402   0.01132
   116/499     2.46G   0.04463   0.01085    0.0132   0.06868         5       640    0.5796    0.6991    0.6844    0.4693    0.0356  0.009467   0.01128
   117/499     2.46G    0.0436   0.01063   0.01333   0.06756         6       640    0.5801    0.6973    0.6864    0.4687   0.03558  0.009532   0.01111
   118/499     2.46G   0.04396   0.01047    0.0129   0.06733        15       640    0.5776    0.6997    0.6911    0.4686   0.03558  0.009472   0.01102
   119/499     2.46G   0.04426   0.01068   0.01339   0.06833         6       640    0.5944    0.7088    0.6936    0.4734   0.03561  0.009418   0.01095
   120/499     2.46G   0.04372   0.01071   0.01261   0.06704         6       640    0.6024    0.7131    0.6947    0.4753   0.03573  0.009379   0.01098
   121/499     2.46G   0.04307   0.01039   0.01236   0.06582         9       640    0.6057    0.7149    0.6992    0.4776   0.03564  0.009344   0.01089
   122/499     2.46G   0.04402   0.01064   0.01266   0.06732         4       640    0.6048    0.7135    0.6964    0.4789    0.0356   0.00934   0.01093
   123/499     2.46G   0.04309   0.01075   0.01206    0.0659        11       640     0.605    0.7169    0.6995    0.4792   0.03559  0.009323   0.01085
   124/499     2.46G   0.04316   0.01053   0.01249   0.06618        10       640    0.6083    0.7239    0.7008    0.4767   0.03556  0.009291   0.01076
   125/499     2.46G   0.04302   0.01059   0.01253   0.06614         6       640     0.611    0.7224    0.6996    0.4765   0.03551  0.009266   0.01066
   126/499     2.46G   0.04312   0.01059   0.01291   0.06662         7       640    0.6063     0.721       0.7    0.4751   0.03547  0.009261   0.01063
   127/499     2.46G   0.04316   0.01026   0.01214   0.06556         9       640    0.6044    0.7239    0.7003    0.4714    0.0355  0.009255   0.01067
   128/499     2.46G   0.04313   0.01038   0.01236   0.06587         8       640    0.6171    0.7195    0.7011    0.4777   0.03537  0.009222   0.01071
   129/499     2.46G   0.04287   0.01048   0.01256   0.06591         9       640    0.6204    0.7201    0.7018    0.4734   0.03537  0.009249   0.01077
   130/499     2.46G   0.04365   0.01073   0.01256   0.06694        12       640    0.6249    0.7181    0.6997    0.4755    0.0354  0.009231   0.01075
   131/499     2.46G   0.04351   0.01072   0.01258   0.06681         7       640     0.627    0.7119    0.6994    0.4755   0.03548  0.009246   0.01076
   132/499     2.46G   0.04318    0.0109   0.01281    0.0669         9       640    0.6243    0.7093    0.6996     0.475   0.03544  0.009283   0.01074
   133/499     2.46G   0.04296   0.01039   0.01251   0.06586         9       640    0.6173    0.7075    0.6982     0.476   0.03538  0.009287   0.01071
   134/499     2.46G   0.04317   0.01068   0.01237   0.06621         6       640    0.6203    0.7108    0.6999    0.4762   0.03536  0.009267   0.01075
   135/499     2.46G   0.04313   0.01063   0.01255   0.06631         6       640    0.6186    0.7136    0.7011    0.4765   0.03532  0.009244   0.01075
   136/499     2.46G   0.04301   0.01052   0.01242   0.06595        13       640    0.6172    0.7142    0.7013    0.4777   0.03528  0.009253   0.01066
   137/499     2.46G   0.04319   0.01058   0.01245   0.06622         7       640     0.613    0.7121    0.7017     0.477   0.03522  0.009271    0.0107
   138/499     2.46G   0.04263   0.01054   0.01226   0.06542         9       640    0.6101    0.7077    0.7016    0.4764   0.03519  0.009265   0.01069
   139/499     2.46G   0.04275   0.01048   0.01238   0.06561         8       640    0.6096    0.7105    0.7013    0.4765   0.03517  0.009251   0.01073
   140/499     2.46G   0.04309   0.01083   0.01314   0.06707        10       640    0.6076     0.707    0.7008     0.474   0.03522  0.009246   0.01081
   141/499     2.46G   0.04282   0.01033   0.01288   0.06603         9       640    0.6133    0.7081    0.7024    0.4734    0.0352  0.009246   0.01082
   142/499     2.46G   0.04237   0.01048   0.01175    0.0646         8       640    0.6034    0.7113    0.7023    0.4751   0.03519  0.009238   0.01078
   143/499     2.46G   0.04289   0.01063   0.01286   0.06638         6       640    0.5967     0.711    0.7007    0.4745   0.03522  0.009241   0.01072
   144/499     2.46G   0.04249   0.01052   0.01218   0.06519         6       640    0.5963    0.7117    0.7011    0.4757   0.03516  0.009229   0.01069
   145/499     2.46G   0.04302   0.01046   0.01191   0.06539         5       640    0.6012    0.7115    0.7029    0.4743   0.03514   0.00922   0.01069
   146/499     2.46G   0.04275   0.01035   0.01239   0.06549         6       640    0.6093    0.7122    0.7028    0.4743   0.03514  0.009202   0.01066
   147/499     2.46G   0.04262    0.0104   0.01285   0.06588         7       640    0.6143    0.7158    0.7023    0.4745   0.03516   0.00919   0.01069
   148/499     2.46G   0.04359   0.01061   0.01269   0.06689         6       640    0.6085    0.7196     0.703    0.4746   0.03511  0.009195   0.01067
   149/499     2.46G   0.04218   0.01022    0.0122   0.06459         7       640    0.6091    0.7192    0.7026    0.4745   0.03511  0.009179   0.01064
   150/499     2.46G   0.04254   0.01048   0.01229   0.06531         5       640    0.6075    0.7174    0.7027    0.4739   0.03509  0.009177   0.01061
   151/499     2.46G    0.0421   0.01034   0.01168   0.06412         9       640    0.6075    0.7175    0.7025    0.4744   0.03508  0.009161   0.01058
   152/499     2.46G   0.04246   0.01047   0.01196   0.06488         6       640    0.6088    0.7174    0.7026    0.4734    0.0351  0.009163   0.01059
   153/499     2.46G   0.04198   0.01039   0.01193   0.06429         7       640    0.6096    0.7145    0.7018    0.4734   0.03512  0.009161   0.01061
   154/499     2.46G   0.04234   0.01046   0.01228   0.06507         7       640    0.6082    0.7154    0.7017     0.474    0.0351  0.009147   0.01059
   155/499     2.46G   0.04241   0.01045   0.01257   0.06544         7       640    0.6144    0.7156    0.7022    0.4736   0.03508  0.009133   0.01064
   156/499     2.46G   0.04211    0.0102   0.01191   0.06422         7       640    0.6145    0.7134    0.7031    0.4738   0.03508  0.009114   0.01064
   157/499     2.46G   0.04207   0.01038   0.01211   0.06456         9       640    0.6194    0.7116    0.7051    0.4731   0.03505  0.009115   0.01066
   158/499     2.46G   0.04173   0.01037   0.01209    0.0642         3       640    0.6221    0.7105    0.7046    0.4738     0.035  0.009111   0.01066
   159/499     2.46G   0.04223   0.01043   0.01225   0.06491         7       640    0.6243    0.7094    0.7038    0.4745   0.03498    0.0091   0.01067
   160/499     2.46G   0.04186   0.01024   0.01237   0.06446        10       640    0.6267    0.7116    0.7036    0.4756   0.03494  0.009089   0.01067
   161/499     2.46G   0.04275   0.01042   0.01264   0.06582         7       640    0.6247    0.7112    0.7038    0.4747   0.03493  0.009088   0.01067
   162/499     2.46G   0.04189    0.0104    0.0118   0.06409         8       640    0.6273    0.7112    0.7021    0.4741   0.03493  0.009069   0.01068
   163/499     2.46G   0.04246   0.01053   0.01194   0.06492         7       640    0.6259    0.7133    0.7036    0.4733    0.0349   0.00906   0.01065
   164/499     2.46G    0.0417   0.01032    0.0119   0.06392         6       640     0.625    0.7127    0.7041    0.4731    0.0349  0.009057   0.01065
   165/499     2.46G   0.04229   0.01036   0.01217   0.06483         7       640    0.6241    0.7105    0.7042    0.4736   0.03489  0.009054   0.01063
   166/499     2.46G   0.04182   0.01015   0.01173    0.0637         8       640    0.6256    0.7115    0.7045    0.4737   0.03489  0.009053   0.01061
   167/499     2.46G   0.04254   0.01042   0.01141   0.06438         7       640     0.626    0.7118    0.7035    0.4743   0.03488  0.009052   0.01063
   168/499     2.46G   0.04199   0.01022   0.01156   0.06377         6       640    0.6269    0.7142    0.7043    0.4746   0.03487  0.009047   0.01063
   169/499     2.46G   0.04243   0.01029   0.01206   0.06478        10       640     0.625    0.7134    0.7047     0.476   0.03486  0.009039   0.01062
   170/499     2.46G   0.04197   0.01024   0.01188   0.06409         4       640    0.6258    0.7142    0.7053     0.476   0.03484  0.009035   0.01061
   171/499     2.46G   0.04156   0.01036   0.01169   0.06361         5       640    0.6272     0.716    0.7068    0.4764   0.03483  0.009029    0.0106
   172/499     2.46G   0.04194   0.01039   0.01202   0.06435         8       640     0.628    0.7149    0.7068    0.4761    0.0348  0.009029   0.01059
   173/499     2.46G   0.04128   0.01026   0.01147   0.06302         7       640    0.6313    0.7149    0.7075    0.4768   0.03478   0.00902   0.01059
   174/499     2.46G   0.04147   0.01021   0.01162    0.0633         7       640    0.6319    0.7134     0.707     0.477   0.03476  0.009011   0.01058
   175/499     2.46G   0.04182   0.01011   0.01225   0.06418         4       640    0.6323    0.7149    0.7072    0.4771   0.03475  0.009005   0.01058
   176/499     2.46G   0.04194   0.01024   0.01238   0.06456        13       640    0.6355    0.7149    0.7075    0.4766   0.03475  0.008997   0.01058
   177/499     2.46G   0.04248   0.01027    0.0119   0.06465         6       640    0.6379    0.7152    0.7081    0.4769   0.03476  0.008988   0.01057
   178/499     2.46G   0.04142  0.009984   0.01163   0.06303         8       640     0.637    0.7149    0.7082     0.476   0.03475  0.008981   0.01057
   179/499     2.46G   0.04105   0.01024   0.01143   0.06272        11       640    0.6376    0.7156    0.7085     0.475   0.03475  0.008971   0.01057
   180/499     2.46G    0.0415   0.01008   0.01142     0.063         8       640    0.6356    0.7149    0.7085    0.4765   0.03473  0.008962   0.01057
   181/499     2.46G   0.04143   0.01027   0.01202   0.06372         7       640    0.6324    0.7134    0.7082    0.4758   0.03473  0.008957   0.01057
   182/499     2.46G   0.04075   0.01009   0.01156    0.0624         7       640     0.633    0.7155    0.7082    0.4764   0.03472  0.008951   0.01056
   183/499     2.46G   0.04126   0.01027   0.01148   0.06301         8       640    0.6339    0.7156    0.7086    0.4766   0.03472   0.00895   0.01055
   184/499     2.46G   0.04156   0.01027   0.01147    0.0633         9       640    0.6343    0.7153     0.708    0.4774   0.03472  0.008947   0.01055
   185/499     2.46G   0.04188   0.01015   0.01176   0.06379         8       640    0.6343    0.7145    0.7082    0.4776   0.03472  0.008941   0.01055
   186/499     2.46G   0.04118    0.0102   0.01123    0.0626         9       640    0.6322    0.7138    0.7072    0.4784   0.03471  0.008935   0.01053
   187/499     2.46G   0.04138   0.01017   0.01154   0.06309         7       640    0.6353    0.7131    0.7071    0.4785   0.03471   0.00893   0.01053
   188/499     2.46G   0.04163   0.01035   0.01169   0.06368         8       640    0.6388    0.7131    0.7071    0.4783   0.03472  0.008931   0.01052
   189/499     2.46G   0.04154   0.01013   0.01177   0.06343         8       640     0.639    0.7131    0.7067    0.4783   0.03471  0.008929   0.01051
   190/499     2.46G     0.041  0.009942   0.01103   0.06197         9       640    0.6351    0.7116    0.7068    0.4783    0.0347   0.00893   0.01049
   191/499     2.46G   0.04199   0.01027    0.0117   0.06396         7       640    0.6345    0.7109    0.7065    0.4784   0.03469  0.008929   0.01048
   192/499     2.46G   0.04156   0.01019   0.01166   0.06341         9       640     0.637    0.7116    0.7074    0.4786   0.03468  0.008927   0.01047
   193/499     2.46G   0.04102   0.01008    0.0114    0.0625        11       640    0.6401    0.7116    0.7075    0.4787   0.03467  0.008926   0.01046
   194/499     2.46G   0.04094  0.009972   0.01164   0.06255         8       640    0.6412    0.7109    0.7076     0.479   0.03466  0.008924   0.01045
   195/499     2.46G   0.04109   0.01011   0.01166   0.06286         5       640    0.6433    0.7109    0.7076    0.4788   0.03465  0.008919   0.01045
   196/499     2.46G   0.04146   0.01022   0.01152   0.06321        10       640    0.6442    0.7109    0.7079    0.4788   0.03465  0.008916   0.01044
   197/499     2.46G    0.0408   0.01012   0.01111   0.06203         3       640    0.6439    0.7109    0.7078     0.479   0.03465  0.008914   0.01044
   198/499     2.46G   0.04092   0.01002   0.01087   0.06181         6       640    0.6438    0.7096    0.7078    0.4788   0.03464  0.008909   0.01043
   199/499     2.46G   0.04107   0.01009   0.01097   0.06213        10       640    0.6464    0.7101    0.7083    0.4796   0.03462  0.008901   0.01042
   200/499     2.46G   0.04122   0.01024   0.01114   0.06259        11       640    0.6475    0.7106    0.7081    0.4795   0.03462  0.008897   0.01042
   201/499     2.46G   0.04145   0.01004    0.0116   0.06309         5       640    0.6489    0.7094    0.7078    0.4786   0.03462  0.008894   0.01043
   202/499     2.46G    0.0406  0.009977   0.01133   0.06191         8       640    0.6498      0.71    0.7078    0.4792   0.03461   0.00889   0.01042
   203/499     2.46G   0.04051  0.009874   0.01101   0.06139         4       640    0.6502    0.7106    0.7077    0.4802    0.0346  0.008885   0.01042
   204/499     2.46G   0.04081   0.01009   0.01116   0.06206         7       640    0.6515    0.7115     0.708    0.4806   0.03459  0.008881   0.01042
   205/499     2.46G   0.04077      0.01   0.01085   0.06162         8       640    0.6517    0.7111    0.7078     0.481   0.03459  0.008881   0.01043
   206/499     2.46G   0.04082   0.01002   0.01126    0.0621         7       640    0.6522    0.7102     0.708    0.4817   0.03459  0.008876   0.01043
   207/499     2.46G   0.04049  0.009944   0.01143   0.06186         6       640    0.6537    0.7103    0.7081    0.4807   0.03459  0.008874   0.01043
   208/499     2.46G   0.04037  0.009824   0.01111    0.0613         4       640    0.6534    0.7098    0.7071    0.4799   0.03458   0.00887   0.01043
   209/499     2.46G   0.04099  0.009976   0.01126   0.06223        10       640    0.6545    0.7093    0.7073    0.4798   0.03457  0.008868   0.01043
   210/499     2.46G   0.03984   0.01003    0.0115   0.06138        11       640    0.6545    0.7097    0.7072    0.4799   0.03457  0.008865   0.01043
   211/499     2.46G   0.04088   0.01004   0.01062   0.06154         5       640    0.6547    0.7102    0.7073      0.48   0.03456  0.008861   0.01043
   212/499     2.46G   0.04079  0.009973   0.01078   0.06154         8       640    0.6554    0.7094    0.7076    0.4801   0.03455   0.00886   0.01044
   213/499     2.46G   0.04095   0.01014   0.01104   0.06212         9       640    0.6562    0.7088    0.7075    0.4803   0.03454  0.008859   0.01044
   214/499     2.46G   0.04029   0.01005   0.01117   0.06151        10       640    0.6565    0.7091    0.7074    0.4809   0.03454  0.008858   0.01044
   215/499     2.46G   0.04084  0.009903   0.01075    0.0615         8       640    0.6579    0.7098    0.7075    0.4808   0.03453  0.008858   0.01043
   216/499     2.46G    0.0402  0.009975   0.01106   0.06123         9       640    0.6575    0.7099    0.7077    0.4807   0.03453  0.008855   0.01043
   217/499     2.46G   0.04038  0.009909   0.01099   0.06128         6       640    0.6599    0.7108    0.7091    0.4809   0.03452  0.008853   0.01043
   218/499     2.46G   0.04009  0.009882   0.01079   0.06076         3       640    0.6603    0.7108     0.709    0.4805   0.03452  0.008851   0.01042
   219/499     2.46G   0.04078  0.009867   0.01134   0.06198        10       640    0.6625    0.7115    0.7089    0.4807   0.03451  0.008849   0.01041
   220/499     2.46G   0.04034  0.009759   0.01081   0.06091         8       640    0.6635    0.7123    0.7093    0.4807   0.03451  0.008848   0.01041
   221/499     2.46G   0.04025   0.01016   0.01057   0.06098         8       640    0.6636    0.7116    0.7093    0.4808   0.03451  0.008846   0.01041
   222/499     2.46G   0.03965  0.009757   0.01021   0.05962         6       640    0.6631    0.7116    0.7094    0.4812    0.0345  0.008845    0.0104
   223/499     2.46G   0.03997  0.009764  0.009919   0.05966        10       640    0.6639    0.7124    0.7105    0.4811    0.0345  0.008842   0.01039
   224/499      2.5G   0.04174   0.01019   0.01151   0.06344         7       640    0.5361    0.6372    0.6037    0.3634   0.04683   0.01148   0.01594
   225/499      2.5G   0.04081  0.009904    0.0115   0.06221         5       640    0.5635    0.7048    0.6879    0.4338   0.03914  0.009984   0.01027
   226/499      2.5G   0.03948  0.009909    0.0107   0.06008         8       640    0.4749    0.7224    0.6873    0.4457   0.03962  0.009525   0.01075
   227/499      2.5G   0.03979  0.009973   0.01117   0.06093         8       640    0.5926    0.6668    0.6739    0.4065    0.0405  0.009805   0.01227
   228/499      2.5G   0.03984  0.009895   0.01042   0.06015         9       640    0.6087    0.6885    0.6667    0.4462   0.03892  0.009366   0.01116
   229/499      2.5G   0.04056      0.01   0.01123   0.06179        10       640    0.5351    0.7092    0.6835    0.4452   0.03992  0.009922   0.01118
   230/499      2.5G   0.03992   0.01001   0.01017    0.0601         6       640    0.5434    0.7069    0.6904    0.4665   0.03796  0.009545   0.01147
   231/499      2.5G   0.03958  0.009696   0.01092   0.06019         4       640    0.3966    0.7523    0.6779    0.4545   0.03773  0.009839     0.012
   232/499      2.5G    0.0402  0.009798  0.009876   0.05987         6       640    0.3381    0.7124    0.6476    0.4331   0.03863   0.01027     0.014
   233/499      2.5G    0.0404  0.009889    0.0111   0.06139        10       640    0.4718    0.7348    0.6937     0.446   0.03896  0.009656   0.01101
   234/499      2.5G   0.04024  0.009769   0.01052   0.06053         9       640    0.5492    0.7092    0.6859    0.4411   0.04002  0.009594   0.01404
   235/499      2.5G   0.04027  0.009657   0.01077   0.06069         7       640    0.5156    0.6912    0.6801    0.4143   0.04096   0.01002   0.01078
   236/499      2.5G   0.04068   0.01016   0.01075   0.06159         9       640     0.506    0.7216    0.6932    0.4538   0.03909   0.01001   0.01194
   237/499      2.5G   0.04013  0.009912   0.01029   0.06033        10       640    0.5133    0.7097     0.664    0.4354   0.03967   0.01004   0.01178
   238/499      2.5G   0.04007  0.009749   0.01065   0.06048         8       640    0.5037    0.7343    0.6916    0.4488   0.03772  0.009921   0.01104
   239/499      2.5G   0.04005  0.009836   0.01048   0.06037         8       640    0.4988    0.7214    0.6901    0.4549    0.0381  0.009953   0.01125
   240/499      2.5G   0.03935  0.009753   0.01045   0.05956        11       640    0.5423    0.7254    0.6917    0.4516   0.03805  0.009692   0.01075
   241/499      2.5G   0.03989  0.009748   0.01105   0.06069         8       640    0.5312    0.7458    0.7102    0.4653   0.03816  0.009447   0.01082
   242/499      2.5G   0.04004  0.009651    0.0108    0.0605         6       640    0.5802    0.7045    0.6786    0.4636    0.0377  0.009158   0.01063
   243/499      2.5G   0.03942  0.009668   0.01039   0.05947         7       640    0.5126    0.7295    0.6853     0.443   0.03783   0.01034   0.01077
   244/499      2.5G   0.03903   0.00951   0.01064   0.05919        10       640    0.4636    0.7266    0.6931    0.4591   0.03711  0.009808   0.01027
   245/499      2.5G   0.03967  0.009902   0.01045   0.06002         7       640    0.4821    0.7271    0.7012    0.4706   0.03664   0.00925   0.01329
   246/499      2.5G   0.03971  0.009918   0.01032   0.05995         7       640    0.4391    0.7247    0.6845    0.4505   0.03747  0.009899   0.01091
   247/499      2.5G   0.03937   0.00977   0.01039   0.05953         5       640    0.4596    0.7514    0.6969    0.4661   0.03636  0.009734   0.01125
   248/499      2.5G   0.03933  0.009546   0.01021   0.05909         8       640    0.5479    0.7237    0.6981    0.4541   0.03733  0.009462   0.01143
   249/499      2.5G   0.03954  0.009798   0.01075   0.06009         9       640    0.5118     0.725    0.7008    0.4485   0.03811  0.009297   0.01106
   250/499      2.5G   0.03952  0.009774   0.01006   0.05935         8       640    0.4696    0.7226    0.6925    0.4492   0.03813  0.009265   0.01341
   251/499      2.5G    0.0397  0.009918   0.01071   0.06032        13       640     0.378    0.7451    0.6934    0.4672   0.03779   0.01014   0.01161
   252/499      2.5G   0.03949  0.009699   0.01026   0.05945         7       640    0.4459    0.7324    0.6941    0.4519   0.03664  0.009176   0.01109
   253/499      2.5G   0.03931  0.009526   0.01069   0.05953        11       640    0.5099    0.7309    0.7045    0.4611   0.03767  0.009557   0.01014
   254/499      2.5G   0.03863  0.009745  0.009991   0.05836        11       640    0.5721    0.7268    0.7163    0.4829   0.03707  0.008909  0.009272
   255/499      2.5G   0.03923  0.009605   0.01056   0.05939         8       640    0.5723    0.7404    0.7174    0.4725   0.03706  0.008967   0.01014
   256/499      2.5G   0.03938  0.009751   0.01035   0.05949         7       640    0.6141    0.7097    0.6994    0.4583   0.03707   0.00962   0.01101
   257/499      2.5G   0.03848  0.009526   0.00983   0.05784         4       640    0.5581    0.7432    0.7131    0.4536   0.03675  0.009503   0.01055
   258/499      2.5G   0.03939  0.009756   0.01025   0.05939         8       640    0.5815    0.7391    0.7212    0.4829   0.03692  0.009167  0.009802
   259/499      2.5G   0.03832  0.009586   0.01019    0.0581         6       640    0.4974    0.7371    0.7079    0.4727   0.03715  0.009514  0.009545
   260/499      2.5G   0.03922  0.009617   0.01035   0.05919         5       640    0.5368    0.7356    0.7061    0.4519   0.03645  0.009626   0.01044
   261/499      2.5G   0.03893  0.009393   0.01002   0.05835        10       640    0.5605    0.7495    0.7221    0.4908   0.03575  0.009269   0.01013
   262/499      2.5G   0.03883  0.009434   0.01024    0.0585         3       640    0.5204    0.7341    0.7146    0.4859   0.03513  0.008755   0.01036
   263/499      2.5G   0.03834  0.009773   0.00997   0.05808         6       640    0.5901    0.7437    0.7214    0.4887   0.03578   0.00912   0.01018
   264/499      2.5G   0.03822  0.009448  0.009416   0.05708        13       640     0.582    0.7376    0.7162    0.4694   0.03606  0.009022   0.01045
   265/499      2.5G    0.0384  0.009573  0.009807   0.05778         4       640    0.4233    0.7599    0.7205    0.4839   0.03574  0.009716   0.00984
   266/499      2.5G   0.03902  0.009541   0.01017   0.05873        12       640    0.5793    0.7172     0.715    0.4772   0.03574  0.009207   0.01095
   267/499      2.5G    0.0386  0.009551   0.01005    0.0582         6       640    0.4897    0.7469    0.7219    0.4845   0.03574  0.009069   0.01053
   268/499      2.5G   0.03854  0.009546   0.01003   0.05811         8       640     0.572    0.7442    0.7248    0.4873   0.03556  0.009052   0.00986
   269/499      2.5G   0.03882  0.009554    0.0101   0.05847         7       640    0.5093    0.7363    0.7071    0.4796    0.0355  0.009213    0.0105
   270/499      2.5G   0.03838  0.009505  0.009694   0.05758         8       640    0.6054    0.7331    0.7205    0.4864   0.03544   0.00909  0.009805
   271/499      2.5G    0.0382   0.00964  0.009772   0.05762        10       640    0.5824    0.7438    0.7307    0.4839   0.03529  0.008788   0.00969
   272/499      2.5G   0.03868  0.009506  0.009916    0.0581         8       640    0.5992    0.7326    0.7176     0.484   0.03532  0.008957   0.01031
   273/499      2.5G   0.03797  0.009573   0.01005    0.0576         7       640    0.5498     0.751     0.729    0.4869   0.03536  0.009035  0.009606
   274/499      2.5G   0.03814  0.009372  0.009727   0.05724         9       640      0.57    0.7396    0.7235      0.49   0.03576  0.008928  0.009648
   275/499      2.5G   0.03818  0.009566  0.009207   0.05696         8       640    0.5501    0.7467    0.7246    0.4933   0.03503  0.008846  0.009582
   276/499      2.5G   0.03825  0.009427  0.009849   0.05753         8       640    0.5121    0.7548    0.7299     0.496   0.03492  0.008856  0.009316
   277/499      2.5G     0.038  0.009378  0.009279   0.05665        10       640    0.5525    0.7535    0.7268    0.4869   0.03491  0.008835   0.01018
   278/499      2.5G   0.03825  0.009299  0.009559   0.05711         8       640    0.6177    0.7351    0.7238    0.4884   0.03515  0.008506   0.00977
   279/499      2.5G   0.03742  0.009331  0.009441   0.05619         8       640    0.5879    0.7379    0.7283    0.4911   0.03472  0.008862   0.01052
   280/499      2.5G   0.03786  0.009443   0.00959    0.0569         7       640    0.5834    0.7547    0.7344    0.5055   0.03425  0.008839  0.008982
   281/499      2.5G   0.03807   0.00958  0.009811   0.05746         8       640    0.6008    0.7365    0.7289    0.5033   0.03457  0.008791  0.009422
   282/499      2.5G   0.03824  0.009523  0.009987   0.05775         6       640    0.5495    0.7433    0.7342    0.5025   0.03452  0.008958  0.009665
   283/499      2.5G   0.03746  0.009569  0.009707   0.05674         9       640    0.5421    0.7417    0.7319    0.5054   0.03407  0.008598   0.00856
   284/499      2.5G   0.03817  0.009429  0.009401     0.057         9       640    0.5605    0.7577    0.7336    0.5097   0.03442  0.008772  0.008928
   285/499      2.5G   0.03801  0.009366  0.009924    0.0573        10       640    0.5279    0.7463    0.7288    0.4991   0.03465  0.008787  0.009007
   286/499      2.5G   0.03721  0.009192  0.009072   0.05548         8       640     0.558    0.7408    0.7264    0.4979   0.03428   0.00876   0.01014
   287/499      2.5G   0.03788  0.009342  0.009183    0.0564         5       640    0.5793     0.745    0.7345    0.5046   0.03398  0.008515  0.008818
   288/499      2.5G   0.03762  0.009278  0.008782   0.05567         6       640    0.5486    0.7499    0.7326    0.5051   0.03417  0.008427  0.009055
   289/499      2.5G   0.03729  0.009308  0.008729   0.05532         7       640    0.5687    0.7477    0.7304     0.502   0.03425  0.008579  0.009236
   290/499      2.5G   0.03761  0.009077  0.008881   0.05557         8       640    0.5934    0.7484    0.7352    0.5002   0.03398  0.008367  0.009414
   291/499      2.5G   0.03782  0.009285  0.009767   0.05687         7       640    0.5675    0.7466    0.7365    0.5033   0.03397  0.008704  0.009281
   292/499      2.5G    0.0374  0.009294   0.00915   0.05585         8       640    0.5845    0.7481    0.7382    0.5014   0.03403  0.008435  0.009268
   293/499      2.5G   0.03808  0.009553  0.009397   0.05703         6       640    0.5749    0.7638    0.7452    0.5045    0.0338  0.008442  0.008945
   294/499      2.5G   0.03756  0.009346  0.009618   0.05653        12       640    0.5973    0.7558    0.7419    0.5027   0.03381  0.008439  0.008994
   295/499      2.5G   0.03735  0.009279  0.009723   0.05636         5       640    0.6179    0.7633    0.7497    0.5073   0.03377  0.008379   0.00871
   296/499      2.5G   0.03722  0.009145  0.008789   0.05516        12       640    0.5721    0.7578    0.7475     0.508   0.03352   0.00851   0.00894
   297/499      2.5G    0.0374   0.00932  0.009031   0.05575        12       640    0.5828    0.7645     0.756    0.5075   0.03363  0.008529  0.008667
   298/499      2.5G   0.03757  0.009278  0.009208   0.05606         7       640    0.6302    0.7532    0.7511    0.5028   0.03382  0.008462  0.008552
   299/499      2.5G   0.03757  0.009557   0.00934   0.05647         9       640    0.5626    0.7571    0.7465    0.5084   0.03355  0.008539  0.008764
   300/499      2.5G   0.03676  0.009156  0.008642   0.05456         9       640    0.5903    0.7571    0.7458    0.5093   0.03349  0.008384  0.009035
   301/499      2.5G   0.03763  0.009351  0.009673   0.05666         4       640    0.5945     0.755     0.747    0.5151   0.03319    0.0084  0.008674
   302/499      2.5G   0.03702  0.009206  0.009171    0.0554         9       640    0.5944    0.7623    0.7471    0.5184    0.0331  0.008235  0.008642
   303/499      2.5G   0.03694  0.009149  0.008763   0.05485         9       640     0.572    0.7627    0.7491    0.5122   0.03329  0.008351  0.008805
   304/499      2.5G    0.0373   0.00935  0.008927   0.05557         7       640    0.6018    0.7539    0.7497    0.5182   0.03338  0.008324   0.00858
   305/499      2.5G   0.03751  0.009315  0.009308   0.05613         8       640    0.6151    0.7627     0.752      0.52   0.03304  0.008301  0.008371
   306/499      2.5G   0.03707  0.009381  0.008779   0.05523         7       640    0.5647    0.7666    0.7528    0.5133   0.03321  0.008318  0.008542
   307/499      2.5G   0.03693  0.009161    0.0088    0.0549        11       640    0.5861    0.7669    0.7533    0.5243   0.03317  0.008317  0.008784
   308/499      2.5G   0.03704  0.009389  0.008706   0.05513         7       640    0.6023    0.7641    0.7535    0.5157   0.03326  0.008323  0.008541
   309/499      2.5G   0.03689  0.009231  0.008475   0.05459         7       640    0.6102    0.7595    0.7499    0.5177   0.03291  0.008363   0.00858
   310/499      2.5G   0.03681  0.008938  0.009103   0.05486         8       640    0.5866    0.7571     0.749     0.512   0.03279  0.008318  0.008728
   311/499      2.5G   0.03694  0.009074  0.009279   0.05529        10       640    0.5778    0.7634    0.7553    0.5143    0.0328  0.008377   0.00835
   312/499      2.5G   0.03656  0.008978  0.008417   0.05396         5       640    0.5805     0.776    0.7643    0.5241   0.03278  0.008532  0.008342
   313/499      2.5G   0.03669  0.009155  0.008992   0.05484         3       640    0.5968    0.7734    0.7631    0.5286   0.03268  0.008203  0.008387
   314/499      2.5G   0.03582  0.009171  0.008059   0.05305         3       640    0.5916    0.7711    0.7627    0.5317   0.03233  0.008104  0.008426
   315/499      2.5G    0.0367  0.008938  0.008395   0.05403         9       640    0.5677    0.7766    0.7638    0.5309   0.03232  0.008212  0.008199
   316/499      2.5G   0.03628  0.009308  0.008753   0.05434         8       640    0.5652    0.7681    0.7616    0.5312   0.03242  0.008196  0.008206
   317/499      2.5G   0.03608   0.00908  0.008423   0.05358         6       640    0.5845    0.7719    0.7679    0.5296   0.03215  0.008099  0.008143
   318/499      2.5G   0.03634  0.008991  0.008885   0.05422         7       640    0.5722    0.7693    0.7644     0.528   0.03227  0.008056   0.00824
   319/499      2.5G   0.03609   0.00902  0.008863   0.05397         6       640    0.5771     0.771    0.7634    0.5255   0.03231  0.007964  0.008293
   320/499      2.5G   0.03631  0.009077  0.008702   0.05409         9       640    0.5644    0.7692    0.7671    0.5279   0.03219  0.007944  0.008189
   321/499      2.5G   0.03628  0.009025  0.008391    0.0537         2       640     0.576    0.7736     0.766    0.5268   0.03223  0.007946  0.008211
   322/499      2.5G   0.03661   0.00918  0.008884   0.05467         8       640    0.5703    0.7771    0.7661    0.5257   0.03237  0.008023  0.008054
   323/499      2.5G   0.03627  0.009053  0.008684     0.054        11       640    0.5844    0.7724    0.7685    0.5272   0.03221  0.008017  0.008252
   324/499      2.5G    0.0366  0.009176  0.009086   0.05486         5       640    0.5817    0.7714    0.7651    0.5288   0.03228  0.007999  0.008241
   325/499      2.5G   0.03618  0.008814  0.008257   0.05325         7       640     0.581     0.774    0.7633    0.5275   0.03225  0.008034  0.008072
   326/499      2.5G   0.03609  0.009002  0.008562   0.05366         9       640    0.5627    0.7722    0.7629    0.5256   0.03221  0.007973  0.007985
   327/499      2.5G   0.03621  0.008991  0.008238   0.05344         2       640    0.5475    0.7703    0.7626    0.5336     0.032  0.007993  0.007938
   328/499      2.5G   0.03604  0.009021  0.008414   0.05348         8       640    0.5593    0.7713    0.7641    0.5297   0.03199  0.008038  0.007835
   329/499      2.5G    0.0357  0.009031  0.008318   0.05305         8       640    0.5773    0.7746    0.7638    0.5261   0.03214  0.008127  0.008124
   330/499      2.5G   0.03607  0.009032  0.008887   0.05399         7       640    0.5813    0.7703    0.7641    0.5275   0.03228  0.008129   0.00829
   331/499      2.5G   0.03611   0.00883    0.0085   0.05344        11       640     0.578    0.7743    0.7632    0.5282   0.03219  0.008085  0.008295
   332/499      2.5G    0.0361  0.008887  0.007956   0.05294        10       640    0.5738    0.7703    0.7639     0.526   0.03223  0.008118  0.008043
   333/499      2.5G   0.03546  0.008876  0.008351   0.05269         6       640    0.5702    0.7728    0.7716    0.5323   0.03208  0.008014  0.007878
   334/499      2.5G   0.03583  0.008768  0.008108    0.0527        10       640    0.5895    0.7729    0.7702    0.5362   0.03212  0.007971   0.00805
   335/499      2.5G   0.03576  0.008883  0.007857    0.0525         6       640    0.5896    0.7803    0.7706    0.5379   0.03214  0.008011  0.008201
   336/499      2.5G   0.03535  0.008876  0.007708   0.05194         8       640    0.5769    0.7737    0.7683    0.5398   0.03206  0.007997  0.008347
   337/499      2.5G   0.03567   0.00897  0.008161    0.0528        10       640    0.5822    0.7722    0.7657    0.5366   0.03194  0.007991  0.008435
   338/499      2.5G   0.03563  0.008899  0.008271    0.0528         8       640    0.5721    0.7781    0.7674    0.5354   0.03191  0.007939   0.00829
   339/499      2.5G    0.0359  0.008921  0.008343   0.05316        10       640    0.5774    0.7744    0.7685    0.5389   0.03189   0.00793  0.008216
   340/499      2.5G   0.03606  0.008934  0.008196   0.05319         5       640    0.5703     0.771    0.7705    0.5374   0.03185  0.007896  0.008101
   341/499      2.5G   0.03535  0.008807  0.008082   0.05224         6       640    0.5624    0.7736    0.7699    0.5405    0.0318  0.007901  0.007999
   342/499      2.5G   0.03522  0.008656  0.007703   0.05158        15       640    0.5754    0.7787    0.7746    0.5413    0.0318  0.007895   0.00789
   343/499      2.5G   0.03584  0.008808  0.007986   0.05264         6       640    0.5859    0.7732    0.7748    0.5419    0.0317   0.00786  0.007886
   344/499      2.5G   0.03582  0.008976  0.008173   0.05296         6       640     0.587    0.7793    0.7765    0.5407   0.03166  0.007873   0.00791
   345/499      2.5G   0.03491  0.008629  0.007483   0.05102         9       640    0.5807    0.7779     0.777    0.5413    0.0316  0.007831  0.007861
   346/499      2.5G   0.03528  0.008728  0.007617   0.05163         4       640    0.5945    0.7858    0.7785     0.542   0.03144  0.007823  0.007793
   347/499      2.5G   0.03473  0.008843  0.007597   0.05117        11       640    0.5916    0.7855    0.7815    0.5424   0.03142  0.007829  0.007783
   348/499      2.5G   0.03513  0.008761  0.007717   0.05161        10       640    0.5963    0.7866    0.7802    0.5418   0.03145  0.007835  0.007727
   349/499      2.5G   0.03504  0.008822  0.007792   0.05165         6       640    0.5836    0.7808    0.7789    0.5421   0.03154  0.007816  0.007674
   350/499      2.5G   0.03491   0.00876  0.007632    0.0513         7       640     0.586    0.7822    0.7792    0.5418   0.03149  0.007807  0.007751
   351/499      2.5G   0.03513  0.008495  0.007343   0.05096         9       640    0.5848     0.784    0.7797    0.5421   0.03146  0.007835  0.007758
   352/499      2.5G   0.03511  0.008635  0.007741   0.05148         8       640    0.5904    0.7851    0.7834    0.5426   0.03142  0.007834  0.007646
   353/499      2.5G   0.03467  0.008604  0.007594   0.05087         9       640    0.5889    0.7836    0.7838     0.543   0.03142  0.007832  0.007686
   354/499      2.5G   0.03525  0.008797   0.00806   0.05211        12       640    0.6001    0.7832    0.7838    0.5445   0.03141  0.007814  0.007582
   355/499      2.5G   0.03509  0.008712  0.007234   0.05104         7       640    0.5926     0.782    0.7849    0.5448   0.03144   0.00781  0.007553
   356/499      2.5G    0.0345  0.008744  0.007394   0.05063         9       640    0.5889    0.7818    0.7868    0.5452   0.03141  0.007795  0.007509
   357/499      2.5G   0.03465  0.008582  0.007435   0.05066         9       640    0.5881    0.7854    0.7856    0.5438   0.03143  0.007784  0.007555
   358/499      2.5G   0.03481  0.008727  0.007388   0.05092         6       640    0.5795    0.7833    0.7859    0.5447   0.03136  0.007768  0.007492
   359/499      2.5G   0.03468  0.008701  0.007304   0.05069         6       640    0.5725    0.7837    0.7841    0.5469    0.0313  0.007766  0.007562
   360/499      2.5G   0.03444  0.008667  0.007371   0.05048        13       640    0.5697    0.7889    0.7841    0.5458   0.03124  0.007766  0.007601
   361/499      2.5G   0.03462  0.008752  0.007709   0.05108         7       640      0.57    0.7912    0.7829    0.5463   0.03121  0.007757  0.007656
   362/499      2.5G   0.03394  0.008605  0.007198   0.04974         9       640    0.5774    0.7912    0.7826    0.5453   0.03118   0.00774  0.007678
   363/499      2.5G   0.03429  0.008554   0.00726   0.05011         8       640    0.5819    0.7907    0.7823    0.5466   0.03113  0.007741  0.007658
   364/499      2.5G   0.03467  0.008707  0.007184   0.05056        10       640    0.5764    0.7905    0.7833    0.5463    0.0311  0.007733  0.007655
   365/499      2.5G   0.03462  0.008486  0.007525   0.05063         9       640    0.5826    0.7905     0.784    0.5455   0.03107  0.007732  0.007636
   366/499      2.5G   0.03428  0.008575  0.007138      0.05         8       640    0.5843    0.7923    0.7863    0.5473   0.03105  0.007721  0.007665
   367/499      2.5G   0.03467  0.008717   0.00752   0.05091         6       640    0.5829    0.7915     0.787    0.5475   0.03103  0.007704  0.007713
   368/499      2.5G   0.03417  0.008634  0.006978   0.04978         6       640    0.5876     0.789    0.7868    0.5464     0.031  0.007695  0.007731
   369/499      2.5G   0.03462   0.00858  0.007108    0.0503         5       640    0.5792    0.7898    0.7872    0.5473   0.03098  0.007675  0.007686
   370/499      2.5G   0.03454  0.008461  0.007081   0.05008         6       640    0.5832    0.7898     0.787    0.5474   0.03095  0.007665  0.007644
   371/499      2.5G   0.03422  0.008545  0.007354   0.05011         7       640    0.5802    0.7894    0.7869    0.5485   0.03094  0.007653  0.007619
   372/499      2.5G   0.03481  0.008598  0.007326   0.05073         6       640     0.579    0.7897    0.7873    0.5497   0.03095  0.007656  0.007622
   373/499      2.5G    0.0338  0.008461  0.007206   0.04947         7       640    0.5863    0.7905     0.788    0.5513   0.03096  0.007658  0.007637
   374/499      2.5G   0.03417  0.008569  0.007063    0.0498         5       640    0.5871    0.7913    0.7887    0.5525   0.03096  0.007655  0.007664
   375/499      2.5G   0.03388  0.008488  0.006868   0.04924         9       640    0.5887    0.7902    0.7875    0.5514   0.03094  0.007643  0.007654
   376/499      2.5G   0.03395  0.008527  0.006953   0.04943         6       640    0.5853    0.7906    0.7888    0.5534   0.03093  0.007641  0.007636
   377/499      2.5G   0.03395  0.008513  0.007175   0.04963         7       640    0.5885    0.7902    0.7899    0.5521   0.03093  0.007643  0.007639
   378/499      2.5G   0.03371   0.00849  0.006896    0.0491         7       640    0.5924    0.7938    0.7914    0.5511   0.03093  0.007641  0.007618
   379/499      2.5G    0.0338  0.008543  0.007177   0.04952         7       640    0.5894     0.792     0.791    0.5511   0.03091  0.007647  0.007606
   380/499      2.5G   0.03345   0.00824  0.006445   0.04813         7       640    0.5914    0.7909    0.7914    0.5511   0.03089  0.007652  0.007609
   381/499      2.5G   0.03319  0.008443  0.006734   0.04837         9       640    0.5913    0.7898    0.7908    0.5506   0.03087  0.007645  0.007591
   382/499      2.5G   0.03336  0.008475  0.006715   0.04855         3       640    0.5869    0.7891    0.7909    0.5509   0.03087  0.007644   0.00756
   383/499      2.5G   0.03367  0.008549  0.006727   0.04894         7       640    0.5905    0.7896     0.792    0.5518   0.03088  0.007643  0.007524
   384/499      2.5G    0.0337  0.008413  0.006785    0.0489        10       640      0.59    0.7891    0.7928    0.5519   0.03086  0.007646  0.007483
   385/499      2.5G   0.03377  0.008385  0.007035   0.04919         7       640    0.5955    0.7894    0.7929    0.5522   0.03085   0.00764  0.007436
   386/499      2.5G   0.03355  0.008384  0.006699   0.04863         8       640    0.5918    0.7894    0.7935    0.5525   0.03084  0.007633  0.007423
   387/499      2.5G   0.03346  0.008544  0.006363   0.04837         7       640    0.5902    0.7906    0.7934    0.5527   0.03082  0.007633  0.007406
   388/499      2.5G   0.03349  0.008324  0.006572   0.04838         6       640    0.5913    0.7921     0.794     0.553   0.03082  0.007637  0.007407
   389/499      2.5G   0.03341  0.008384  0.006852   0.04865         7       640    0.5828    0.7927    0.7935    0.5534   0.03081  0.007639  0.007391
   390/499      2.5G   0.03311  0.008289  0.006816   0.04821         8       640    0.5864    0.7941     0.794    0.5555   0.03079  0.007636  0.007365
   391/499      2.5G   0.03342  0.008342  0.006271   0.04804         7       640    0.5842    0.7938    0.7947    0.5555   0.03077  0.007632  0.007337
   392/499      2.5G    0.0332  0.008295  0.006732   0.04823         6       640    0.5852    0.7927    0.7946    0.5556   0.03076  0.007634   0.00731
   393/499      2.5G   0.03342  0.008203  0.006643   0.04826        10       640    0.5863    0.7952    0.7946     0.556   0.03073  0.007628  0.007284
   394/499      2.5G   0.03318  0.008229  0.006387   0.04779         4       640    0.5855    0.7941     0.795    0.5561   0.03071  0.007628  0.007264
   395/499      2.5G     0.033  0.008433    0.0067   0.04813         5       640    0.5891    0.7952    0.7966    0.5565   0.03069  0.007623  0.007255
   396/499      2.5G   0.03299   0.00836  0.006608   0.04796         8       640    0.5912    0.7956    0.7968    0.5564   0.03066  0.007617  0.007251
   397/499      2.5G   0.03293  0.008471  0.006373   0.04777         7       640    0.5959    0.7963    0.7966    0.5571   0.03064  0.007619  0.007241
   398/499      2.5G   0.03299  0.008322  0.006541   0.04786         7       640    0.5942    0.7971    0.7971    0.5579   0.03062  0.007619  0.007229
   399/499      2.5G   0.03337   0.00834  0.006673   0.04838         4       640    0.5987    0.7963    0.7968    0.5582   0.03061  0.007622  0.007219
   400/499      2.5G    0.0332  0.008313    0.0067   0.04821        13       640    0.5927     0.796    0.7969    0.5586   0.03059  0.007622  0.007211
   401/499      2.5G   0.03368  0.008335  0.006772   0.04879         6       640    0.5908    0.7967    0.7969    0.5585   0.03059  0.007619   0.00721
   402/499      2.5G   0.03288   0.00809  0.006376   0.04734         8       640    0.5913     0.796    0.7977     0.559   0.03058  0.007617  0.007203
   403/499      2.5G   0.03248  0.008259  0.006365    0.0471        11       640    0.5898     0.796    0.7979    0.5594   0.03056  0.007617  0.007191
   404/499      2.5G   0.03279  0.008198  0.006312    0.0473         8       640    0.5885    0.7963    0.7985    0.5595   0.03055  0.007615  0.007185
   405/499      2.5G   0.03267  0.008265  0.006281   0.04721         7       640    0.5885    0.7959    0.7987    0.5597   0.03054  0.007609  0.007177
   406/499      2.5G   0.03259  0.008259  0.006262   0.04711         7       640    0.5883    0.7963    0.7991    0.5595   0.03052  0.007603  0.007175
   407/499      2.5G   0.03293    0.0083  0.006299   0.04753         8       640    0.5925    0.7971    0.7993    0.5598   0.03051  0.007601  0.007177
   408/499      2.5G   0.03302  0.008311  0.005982   0.04731         9       640    0.5904    0.7967    0.7995    0.5601   0.03049  0.007598  0.007176
   409/499      2.5G   0.03337  0.008285  0.006869   0.04852         8       640    0.5865    0.7967    0.7996    0.5588   0.03048  0.007595  0.007171
   410/499      2.5G   0.04401   0.01066   0.01196   0.06662         7       640    0.4436    0.6193    0.5983    0.3609   0.04513   0.01089   0.02626
   411/499      2.5G   0.03731  0.009232  0.008976   0.05552         5       640     0.562    0.7657    0.7514    0.4993   0.03461  0.008696   0.00902
   412/499      2.5G   0.03408  0.008702  0.007406   0.05019         8       640    0.5825    0.7716    0.7624    0.5229   0.03347   0.00886   0.00932
   413/499      2.5G   0.03393  0.008604  0.007359   0.04989         8       640    0.5541    0.7765    0.7678    0.5155   0.03335  0.008434  0.009202
   414/499      2.5G   0.03385  0.008507   0.00701   0.04937         9       640    0.5396    0.7851    0.7677    0.5256   0.03332  0.008363  0.008234
   415/499      2.5G   0.03356  0.008525  0.006795   0.04888        10       640    0.5466    0.7864    0.7707    0.5294   0.03262  0.008339   0.00871
   416/499      2.5G   0.03311  0.008533  0.006471   0.04812         6       640    0.5552    0.7719    0.7681    0.5273   0.03288  0.008238  0.008573
   417/499      2.5G   0.03295  0.008266  0.006659   0.04788         4       640    0.5413    0.7873    0.7753    0.5324   0.03253  0.008604  0.008125
   418/499      2.5G   0.03297  0.008247  0.006206   0.04742         6       640     0.594    0.7782    0.7713    0.5287   0.03301  0.008161  0.008206
   419/499      2.5G   0.03307  0.008196   0.00606   0.04733        10       640     0.554    0.7948    0.7828    0.5298   0.03316  0.008209  0.008363
   420/499      2.5G   0.03283  0.008199   0.00632   0.04735         9       640    0.5762    0.7988    0.7856    0.5468    0.0319  0.007872  0.008008
   421/499      2.5G   0.03278  0.007987  0.006208   0.04697         7       640    0.5628    0.7701    0.7666    0.5245   0.03283  0.008266  0.009206
   422/499      2.5G   0.03294  0.008358  0.006309   0.04761         9       640    0.5437    0.7868    0.7709     0.529   0.03329  0.008064   0.00817
   423/499      2.5G    0.0329  0.008295  0.006483   0.04768        10       640    0.6069    0.7847    0.7854    0.5372   0.03231  0.007897  0.007652
   424/499      2.5G   0.03275  0.008143  0.006168   0.04706         8       640    0.5068    0.7995    0.7826    0.5402   0.03237  0.008268  0.008107
   425/499      2.5G   0.03258  0.008105  0.005769   0.04646         8       640    0.5536    0.7972    0.7821    0.5437   0.03201  0.007867  0.009068
   426/499      2.5G    0.0322  0.008198  0.006194   0.04659        11       640    0.5916    0.7765    0.7719    0.5279   0.03199   0.00799   0.00905
   427/499      2.5G   0.03253  0.008178  0.006579   0.04729         8       640    0.5551    0.8041    0.7911    0.5565    0.0315  0.007984  0.007929
   428/499      2.5G    0.0323  0.007995  0.006221   0.04651         6       640    0.5747    0.7855    0.7851    0.5477   0.03181  0.008121  0.007904
   429/499      2.5G   0.03245  0.008128  0.006157   0.04674         7       640    0.5032    0.7906    0.7703    0.5335   0.03203  0.008364  0.007563
   430/499      2.5G   0.03193  0.008029  0.006399   0.04636        10       640    0.6043    0.7998    0.7867    0.5417   0.03171  0.008077  0.007559
   431/499      2.5G   0.03214   0.00822  0.006098   0.04646         7       640    0.5333    0.7969    0.7844    0.5416   0.03223  0.007921   0.00835
   432/499      2.5G   0.03233   0.00823  0.005984   0.04654         7       640    0.5372    0.7966    0.7882    0.5371   0.03193  0.007743  0.007711
   433/499      2.5G   0.03181  0.008074  0.005587   0.04548         5       640    0.6162    0.7954    0.7924    0.5488   0.03096  0.007837  0.008017
   434/499      2.5G   0.03225  0.007971  0.005839   0.04606         8       640     0.602    0.7966    0.7914     0.548   0.03189  0.007934  0.007767
   435/499      2.5G   0.03232   0.00814  0.006009   0.04647         9       640    0.5228    0.8057    0.7856    0.5415   0.03152  0.007946  0.008043
   436/499      2.5G   0.03238  0.008071  0.005716   0.04617         8       640    0.5651    0.7882    0.7815    0.5414   0.03232  0.008039  0.008526
   437/499      2.5G   0.03213  0.008142  0.006262   0.04653        13       640    0.5853    0.7957    0.7895    0.5481   0.03182  0.008033  0.008159
   438/499      2.5G   0.03224  0.008081  0.005982    0.0463         7       640     0.588    0.7928    0.7899    0.5512   0.03178  0.007689  0.007451
   439/499      2.5G    0.0319  0.007918  0.006374   0.04619        11       640     0.636    0.8032    0.7928    0.5431    0.0318  0.007708  0.008227
   440/499      2.5G   0.03166  0.008105  0.005394   0.04516        11       640    0.5496    0.7894    0.7819    0.5485   0.03129  0.007939   0.00802
   441/499      2.5G   0.03211  0.008007  0.006281    0.0464         8       640    0.5699     0.792    0.7868    0.5569   0.03107  0.007807  0.007563
   442/499      2.5G    0.0323  0.008117  0.005811   0.04623         7       640    0.5068    0.8038    0.7839    0.5391   0.03223  0.007865  0.007791
   443/499      2.5G    0.0313  0.007893  0.005408    0.0446         4       640    0.6071    0.7991    0.7941    0.5603   0.03075  0.007913  0.007454
   444/499      2.5G     0.032  0.008062  0.005822   0.04588         8       640    0.5892    0.7931    0.7935     0.551   0.03134  0.007619  0.007616
   445/499      2.5G   0.03136  0.008057  0.005552   0.04497         6       640    0.5039     0.812    0.7904    0.5476   0.03158  0.007813  0.008085
   446/499      2.5G   0.03186  0.007981  0.005764   0.04561         5       640    0.5941    0.7934    0.7912    0.5571   0.03131  0.007747  0.008307
   447/499      2.5G   0.03194  0.007948  0.005615   0.04551        10       640    0.5508    0.8049    0.7947    0.5542   0.03128  0.007734  0.007807
   448/499      2.5G   0.03173  0.007913  0.005638   0.04528         3       640    0.5702    0.7969    0.7886    0.5534   0.03108  0.007987  0.008015
   449/499      2.5G   0.03158  0.008168  0.005824   0.04557         6       640    0.5644    0.8009     0.794     0.547   0.03091  0.007696  0.007841
   450/499      2.5G   0.03125  0.007948  0.005643   0.04484        13       640    0.5806    0.7941     0.791    0.5533   0.03131  0.007865  0.007434
   451/499      2.5G   0.03154  0.008068  0.005479   0.04509         4       640    0.5251      0.81    0.7938    0.5583   0.03082  0.007976  0.007236
   452/499      2.5G   0.03169   0.00794  0.005478   0.04511        12       640    0.5718    0.8088    0.8026    0.5582   0.03079   0.00757  0.007728
   453/499      2.5G    0.0314  0.007926  0.005682     0.045         6       640    0.5641    0.8092    0.8017    0.5537   0.03101  0.007619  0.007595
   454/499      2.5G   0.03155  0.007925  0.005567   0.04504         8       640    0.5565     0.803    0.7988    0.5508   0.03087  0.007592   0.00796
   455/499      2.5G   0.03181  0.008006  0.005511   0.04533         7       640    0.5622    0.8125    0.8091    0.5627   0.03046  0.007652  0.006975
   456/499      2.5G   0.03144  0.007977  0.005146   0.04457         8       640    0.5966    0.8045    0.8003    0.5555   0.03095   0.00762  0.007282
   457/499      2.5G   0.03123   0.00808  0.005425   0.04473        10       640     0.563    0.8077    0.7996    0.5612   0.03078  0.007724  0.007336
   458/499      2.5G   0.03113  0.007907  0.004807   0.04384         8       640    0.6072    0.8004    0.8003    0.5506   0.03076  0.007539  0.007593
   459/499      2.5G   0.03125   0.00805  0.005583   0.04488         7       640    0.5827    0.8003    0.8008    0.5587   0.03099  0.007613  0.007107
   460/499      2.5G   0.03127  0.007889  0.005397   0.04455         9       640    0.5776    0.8068    0.8052    0.5616   0.03064  0.007548  0.007173
   461/499      2.5G   0.03094  0.007965  0.004982   0.04389         8       640    0.5571    0.8131    0.8067    0.5699    0.0303  0.007679  0.007346
   462/499      2.5G   0.03136   0.00788  0.005601   0.04484         8       640    0.5713    0.8147     0.807    0.5625   0.03068  0.007558  0.007487
   463/499      2.5G   0.03133  0.007925  0.005546    0.0448        10       640    0.5889    0.8096    0.8053     0.558   0.03058  0.007443  0.007402
   464/499      2.5G   0.03126  0.007867  0.005457   0.04459         8       640    0.5905    0.8009    0.8041     0.564   0.03046  0.007685  0.007151
   465/499      2.5G   0.03087  0.007907  0.005687   0.04446         8       640    0.6028    0.8088    0.8048    0.5718   0.03025  0.007514  0.007233
   466/499      2.5G    0.0312  0.007958  0.005351   0.04451         7       640    0.5617    0.8076    0.8023    0.5627    0.0305  0.007843  0.007526
   467/499      2.5G   0.03132  0.008074  0.005193   0.04459         8       640    0.5736     0.811     0.811    0.5601   0.03043   0.00768  0.007056
   468/499      2.5G   0.03108  0.007839  0.005398   0.04432         6       640    0.5978    0.8076    0.8073    0.5602   0.03036  0.007591  0.007539
   469/499      2.5G   0.03081   0.00797  0.005215     0.044         9       640      0.58     0.811    0.8033     0.567   0.02993  0.007371  0.007391
   470/499      2.5G   0.03127  0.007864  0.005491   0.04463         9       640    0.6164     0.815    0.8109     0.574   0.02975  0.007327   0.00718
   471/499      2.5G   0.03123  0.007855  0.005271   0.04436        10       640    0.5809    0.8043    0.7997    0.5611    0.0304  0.007538  0.007618
   472/499      2.5G   0.03079  0.007756  0.005077   0.04362         8       640     0.608    0.8138    0.8126    0.5686   0.03025  0.007492  0.007253
   473/499      2.5G   0.03128  0.007933  0.005344   0.04455         5       640    0.6225    0.8099    0.8066    0.5708   0.03015  0.007392  0.007581
   474/499      2.5G   0.03114  0.007811  0.005179   0.04413         6       640    0.5867    0.8047    0.8103    0.5702   0.03029  0.007416   0.00741
   475/499      2.5G   0.03074  0.007811  0.004649    0.0432         7       640    0.5724    0.8063    0.8062    0.5681   0.03047  0.007614  0.007414
   476/499      2.5G     0.031  0.007657  0.005133   0.04379         8       640    0.5899    0.8128    0.8066    0.5745   0.03015  0.007505  0.007208
   477/499      2.5G   0.03122  0.007764   0.00513   0.04411         7       640    0.5759     0.816    0.8116     0.563   0.03018  0.007622  0.007139
   478/499      2.5G   0.03093   0.00788  0.005195     0.044         8       640    0.5929    0.8112    0.8112    0.5602   0.03041  0.007445  0.007375
   479/499      2.5G   0.03133  0.007956   0.00524   0.04453         6       640    0.5919    0.8178     0.811    0.5629   0.03004  0.007543  0.007524
   480/499      2.5G   0.03102  0.007883  0.005527   0.04443        12       640    0.5813    0.8175    0.8109    0.5658   0.03036  0.007448  0.007324
   481/499      2.5G   0.03117  0.007866  0.005082   0.04411         5       640    0.5972    0.8157    0.8156    0.5702    0.0303  0.007471  0.007569
   482/499      2.5G   0.03062  0.007719  0.005028   0.04337        12       640    0.6048    0.8211    0.8128    0.5591   0.03026  0.007446  0.007564
   483/499      2.5G    0.0309   0.00788  0.005035   0.04381        12       640    0.6235    0.8128    0.8166    0.5669   0.03004  0.007356  0.007553
   484/499      2.5G   0.03115  0.007893  0.005192   0.04423         7       640    0.5763    0.8175    0.8123    0.5718   0.02998  0.007519  0.007059
   485/499      2.5G   0.03104  0.008021  0.005129   0.04419         9       640    0.5841     0.811    0.8142      0.57   0.02991  0.007527    0.0072
   486/499      2.5G   0.03067  0.007797  0.004814   0.04328         9       640    0.6013    0.8146    0.8125    0.5706   0.02976  0.007417   0.00723
   487/499      2.5G   0.03081  0.007845  0.005209   0.04387         4       640    0.6015     0.812    0.8141    0.5734   0.02971  0.007401  0.007267
   488/499      2.5G    0.0305  0.007771  0.004955   0.04323         9       640     0.587    0.8129    0.8156    0.5727   0.02981  0.007298  0.006923
   489/499      2.5G   0.03072  0.007806  0.005193   0.04372         9       640    0.5837    0.8092    0.8103    0.5749   0.02979   0.00738  0.007164
   490/499      2.5G   0.03099  0.007957  0.005197   0.04414         7       640    0.5617    0.8215    0.8193    0.5788   0.02973  0.007326  0.007043
   491/499      2.5G   0.03109  0.007823  0.004773   0.04368         8       640    0.5802    0.8175    0.8174    0.5732   0.02971  0.007263  0.006853
   492/499      2.5G   0.03089  0.007875  0.005091   0.04386         7       640    0.5765    0.8149    0.8155    0.5738    0.0297  0.007317  0.007184
   493/499      2.5G   0.03076  0.007831  0.005046   0.04364        11       640    0.5737    0.8153    0.8149    0.5746   0.02969  0.007421  0.007384
   494/499      2.5G   0.03086  0.007977  0.004802   0.04364         7       640    0.6039    0.8165    0.8227    0.5777   0.02976  0.007309  0.007087
   495/499      2.5G   0.03072  0.007944  0.004883   0.04354         7       640    0.5841    0.8164    0.8192    0.5791   0.02971  0.007323  0.007029
   496/499      2.5G   0.03078  0.007598  0.004986   0.04337         8       640    0.5938    0.8113    0.8123     0.577   0.02956  0.007281  0.007129
   497/499      2.5G   0.03104  0.007816  0.005492   0.04435        10       640    0.5976    0.8078    0.8158    0.5796   0.02953  0.007474  0.006722
   498/499      2.5G   0.03072  0.007769  0.004944   0.04344         5       640    0.5844    0.8157     0.818    0.5805   0.02944  0.007503  0.007099
   499/499      2.5G   0.03073  0.007838  0.005104   0.04367         3       640    0.5879    0.8164    0.8202    0.5792   0.02953  0.007623  0.006826
